   1.0000000e+00   4.1221911e-02   3.1237543e-02   3.8419631e-02
   2.0000000e+00   6.3121417e-03   8.2928265e-03   3.3778174e-02
   3.0000000e+00   1.7121284e-02   1.7858313e-03   3.7644643e-02
   4.0000000e+00   1.7184366e-02   6.9922115e-03   1.7592382e-02
   5.0000000e+00   4.0026027e-02   1.9762347e-02   2.2827581e-02
   6.0000000e+00   8.5634404e-03   4.3206350e-02   4.9015944e-02
   7.0000000e+00   8.4120259e-03   8.2205758e-03   4.4865119e-02
   8.0000000e+00   3.4976638e-02   1.8156452e-02   4.1441042e-02
   9.0000000e+00   2.5259878e-02   2.7540817e-02   4.4486889e-02
   1.0000000e+01   2.6885671e-03   1.3345011e-02   1.7900553e-02
   1.1000000e+01   2.9477496e-02   8.2803545e-03   1.7226520e-02
   1.2000000e+01   4.1044216e-02   2.9152556e-02   5.0895473e-03
   1.3000000e+01   8.7752744e-03   1.3429958e-02   3.0875657e-02
   1.4000000e+01   4.6253385e-02   4.9790524e-02   3.0418595e-02
   1.5000000e+01   1.2895256e-02   2.8595039e-02   2.4792106e-03
   1.6000000e+01   2.5478415e-02   4.3307285e-02   3.0644748e-02
   1.7000000e+01   4.8832431e-02   1.5295525e-02   4.9838586e-02
   1.8000000e+01   4.0120785e-02   4.7373095e-02   4.2121706e-02
   1.9000000e+01   3.5001013e-02   4.3606587e-02   2.2330705e-02
   2.0000000e+01   1.5339096e-02   4.9465400e-02   7.2856411e-03
   2.1000000e+01   2.1833311e-02   4.1401913e-02   4.6746624e-02
   2.2000000e+01   8.5832625e-03   2.9765217e-02   9.8024305e-03
   2.3000000e+01   9.5473306e-03   4.5283521e-02   5.5494852e-03
   2.4000000e+01   2.3390006e-02   1.4942543e-02   2.3870992e-02
   2.5000000e+01   2.7087353e-02   2.5768076e-02   1.6413557e-03
   2.6000000e+01   3.2670393e-02   7.8947138e-03   2.8583958e-02
   2.7000000e+01   5.3987735e-03   3.2332332e-02   1.7465131e-02
   2.8000000e+01   3.5530481e-02   6.7655508e-03   1.8714253e-02
   2.9000000e+01   2.7037651e-02   3.8615262e-03   1.5355730e-02
   3.0000000e+01   1.8816301e-02   1.0871627e-02   4.2235995e-02
   3.1000000e+01   3.2742343e-03   1.0791649e-02   6.2838638e-03
   3.2000000e+01   1.2953234e-02   3.8559986e-02   2.4729324e-02
   3.3000000e+01   6.7132813e-03   1.2372227e-02   4.0960270e-03
   3.4000000e+01   2.7218025e-02   4.4801916e-02   9.0522163e-03
   3.5000000e+01   1.0354548e-03   4.4555671e-02   1.1503148e-03
   3.6000000e+01   2.8780861e-02   2.4059282e-02   4.4641039e-02
   3.7000000e+01   5.7929477e-03   1.5332133e-02   1.3034995e-03
   3.8000000e+01   2.7798197e-02   2.5396602e-02   5.6220034e-03
   3.9000000e+01   4.9023142e-02   2.6284111e-02   4.3805097e-02
   4.0000000e+01   3.7454049e-02   4.7419638e-02   1.5601032e-02
   4.1000000e+01   3.3771859e-02   6.2904221e-03   2.7668506e-02
   4.2000000e+01   3.7522259e-02   3.0134058e-02   4.9175698e-02
   4.3000000e+01   1.7710579e-02   4.9868803e-02   1.2740656e-02
   4.4000000e+01   2.6563662e-02   1.1614164e-02   8.3153709e-03
   4.5000000e+01   2.9982585e-02   3.1616318e-02   2.8043215e-03
   4.6000000e+01   1.3049607e-02   2.2407873e-02   4.2809673e-02
   4.7000000e+01   9.7181695e-03   1.6056122e-02   2.2947967e-04
   4.8000000e+01   4.0785768e-02   1.2093757e-02   3.8355462e-02
   4.9000000e+01   2.9308826e-02   1.6505822e-02   1.7144545e-03
   5.0000000e+01   3.1914753e-02   1.3201349e-02   2.3441753e-02
   5.1000000e+01   8.9102066e-04   4.7643959e-02   2.6072295e-02
   5.2000000e+01   2.6152414e-02   4.8509429e-02   3.5730795e-03
   5.3000000e+01   2.2540164e-02   2.8817289e-02   2.2393663e-02
   5.4000000e+01   6.3479034e-03   4.4540987e-02   1.1999118e-02
   5.5000000e+01   3.0112622e-03   4.8949714e-02   4.6062148e-02
   5.6000000e+01   2.2026046e-02   3.5141061e-02   3.2597220e-02
   5.7000000e+01   3.8493192e-02   2.4937433e-02   9.8612598e-03
   5.8000000e+01   4.0318397e-02   2.3406481e-02   4.3804202e-02
   5.9000000e+01   2.2360997e-04   2.1538837e-02   1.8101461e-02
   6.0000000e+01   2.2753059e-02   2.4665470e-02   1.4876041e-02
   6.1000000e+01   9.6120810e-03   4.8336708e-02   1.5196790e-02
   6.2000000e+01   2.6576168e-02   1.1683452e-03   2.2695833e-02
   6.3000000e+01   8.4769885e-04   4.4584253e-03   1.6967820e-02
   6.4000000e+01   1.1348419e-02   4.1392274e-02   1.3005954e-02
   6.5000000e+01   1.6620392e-02   3.8477338e-02   4.9294788e-02
   6.6000000e+01   1.6357593e-02   5.7088774e-03   9.0213986e-03
   6.7000000e+01   3.1125059e-02   1.2260668e-02   4.5566949e-02
   6.8000000e+01   3.5908727e-02   4.7518674e-02   1.5525322e-02
   6.9000000e+01   6.6079804e-04   3.6247753e-02   2.9709481e-02
   7.0000000e+01   1.4171139e-02   1.6787906e-02   3.4145704e-04
   7.1000000e+01   4.4832892e-02   2.0512296e-02   2.2934848e-02
   7.2000000e+01   5.5807448e-03   3.1586480e-02   2.8148960e-02
   7.3000000e+01   2.7286204e-02   3.6796017e-02   4.6540660e-02
   7.4000000e+01   7.8947593e-03   2.7906759e-02   1.6029111e-02
   7.5000000e+01   1.5339548e-02   2.1358911e-02   4.9481980e-02
   7.6000000e+01   1.9260818e-02   4.4829339e-02   4.7537523e-02
   7.7000000e+01   1.9536288e-02   4.0901942e-02   1.3953529e-02
   7.8000000e+01   4.7445043e-03   9.7867611e-03   2.0094483e-02
   7.9000000e+01   2.9245582e-02   1.7668738e-03   3.5068462e-03
   8.0000000e+01   1.6270299e-02   3.7508032e-02   3.7000960e-02
   8.1000000e+01   9.9916979e-04   1.3785527e-02   2.9597576e-02
   8.2000000e+01   3.0058139e-02   3.8758350e-02   1.4693661e-02
   8.3000000e+01   2.0572927e-02   8.4773003e-03   3.3372549e-02
   8.4000000e+01   3.8485140e-03   1.8481457e-02   3.8624056e-02
   8.5000000e+01   3.6174680e-02   2.7667403e-02   9.4010346e-03
   8.6000000e+01   3.6189559e-02   4.9827900e-02   9.7733145e-03
   8.7000000e+01   1.9826655e-02   5.7229244e-03   1.2378133e-02
   8.8000000e+01   2.1332001e-02   9.3570970e-03   4.3821759e-02
   8.9000000e+01   4.9316832e-02   5.5873937e-03   7.9326236e-03
   9.0000000e+01   3.5269344e-02   4.5646922e-03   3.9694646e-02
   9.1000000e+01   4.3568116e-02   1.7661863e-02   2.2113604e-03
   9.2000000e+01   2.8051598e-02   4.3116511e-02   5.7478672e-03
   9.3000000e+01   3.5827350e-02   3.1651736e-02   2.9923729e-02
   9.4000000e+01   4.9371369e-02   2.9732145e-02   3.4771947e-02
   9.5000000e+01   2.7785558e-02   3.1050996e-03   2.8873944e-02
   9.6000000e+01   2.0822282e-02   7.2771723e-03   4.4547053e-02
   9.7000000e+01   3.8706340e-02   1.3282371e-02   4.8017436e-02
   9.8000000e+01   7.3508721e-03   4.1996936e-02   1.6674198e-02
   9.9000000e+01   2.5206538e-02   1.7842330e-02   3.1248317e-02
   1.0000000e+02   2.5973380e-03   2.0349750e-02   4.0799824e-02
   1.0100000e+02   1.7575083e-01   1.4068038e-02   6.9678314e-03
   1.0200000e+02   1.8464961e-01   8.8026108e-04   2.6662214e-02
   1.0300000e+02   1.6240267e-01   4.4845442e-02   2.2089590e-02
   1.0400000e+02   1.6240267e-01   5.3408389e-04   3.2147930e-02
   1.0500000e+02   1.6462736e-01   2.7909986e-02   4.2705201e-02
   1.0600000e+02   1.7241379e-01   4.2108460e-02   4.1222891e-02
   1.0700000e+02   1.6017798e-01   1.7410471e-02   1.9336939e-02
   1.0800000e+02   1.5572859e-01   1.5991492e-02   1.5071305e-02
   1.0900000e+02   1.6462736e-01   4.1736951e-03   1.8365686e-02
   1.1000000e+02   1.5016685e-01   2.0611622e-02   1.9625838e-02
   1.1100000e+02   1.6462736e-01   3.8916330e-02   5.2564150e-03
   1.1200000e+02   1.5461624e-01   2.0731870e-02   3.7848808e-02
   1.1300000e+02   1.5127920e-01   2.7163541e-02   6.9865782e-04
   1.1400000e+02   1.5127920e-01   2.9193451e-02   2.7849770e-02
   1.1500000e+02   1.4682981e-01   4.3201285e-02   3.9019807e-02
   1.1600000e+02   1.7018910e-01   4.7130978e-02   4.3389131e-02
   1.1700000e+02   1.4349277e-01   2.2597441e-02   1.0975760e-02
   1.1800000e+02   1.6907675e-01   2.7781902e-02   3.3659884e-02
   1.1900000e+02   1.7575083e-01   2.9459800e-02   1.4526853e-02
   1.2000000e+02   1.9466073e-01   2.9813540e-03   8.4070137e-03
   1.2100000e+02   2.0244716e-01   2.0921421e-02   1.7398511e-02
   1.2200000e+02   2.5806452e-01   3.4454714e-02   1.0767326e-03
   1.2300000e+02   2.6807564e-01   6.8081326e-03   4.5050979e-02
   1.2400000e+02   3.0478309e-01   3.7355914e-03   4.0810690e-02
   1.2500000e+02   3.4816463e-01   1.3610574e-02   1.6783825e-02
   1.2600000e+02   3.9599555e-01   2.6472773e-02   3.2660950e-02
   1.2700000e+02   4.3492770e-01   4.3895165e-02   1.3137214e-02
   1.2800000e+02   4.8720801e-01   2.5794479e-02   3.8913368e-02
   1.2900000e+02   5.2169077e-01   4.7021981e-03   4.6339334e-02
   1.3000000e+02   5.6729700e-01   2.2340873e-02   3.1003688e-03
   1.3100000e+02   6.0622914e-01   3.9268780e-02   4.5921515e-02
   1.3200000e+02   6.3959956e-01   4.7129214e-02   5.1359467e-03
   1.3300000e+02   6.9521691e-01   4.3042867e-02   7.5077661e-03
   1.3400000e+02   7.5862069e-01   6.2895735e-03   2.3197667e-02
   1.3500000e+02   7.8754171e-01   4.2826645e-02   3.6669410e-02
   1.3600000e+02   8.5650723e-01   3.6670909e-02   3.3767316e-02
   1.3700000e+02   9.2547275e-01   3.6029059e-02   4.1318169e-02
   1.3800000e+02   9.6996663e-01   2.6870050e-02   3.2356960e-02
   1.3900000e+02   9.9110122e-01   4.0820207e-03   4.0847761e-02
   1.4000000e+02   1.0000000e+00   1.9312684e-02   3.5801110e-02
   1.4100000e+02   9.6106785e-01   1.3755231e-02   3.8107841e-02
   1.4200000e+02   8.5539488e-01   2.2086031e-02   6.5458543e-03
   1.4300000e+02   6.6073415e-01   2.0279979e-02   3.9843151e-02
   1.4400000e+02   4.9165740e-01   2.6349521e-02   2.3022755e-02
   1.4500000e+02   3.6707453e-01   2.7665514e-02   2.7630006e-02
   1.4600000e+02   2.4916574e-01   2.4188950e-03   3.7457845e-02
   1.4700000e+02   2.1357063e-01   2.6874723e-03   8.6403811e-03
   1.4800000e+02   2.4137931e-01   3.6285845e-02   2.7281807e-02
   1.4900000e+02   2.3136819e-01   1.2031806e-02   8.4324748e-03
   1.5000000e+02   2.1245829e-01   2.1592673e-02   3.7695153e-02
   1.5100000e+02   1.0901001e-01   1.7141231e-02   2.5810489e-02
   1.5200000e+02   1.5572859e-02   4.7801611e-02   4.1259803e-02
   1.5300000e+02  -1.0678532e-01   8.7980897e-03   8.4456911e-03
   1.5400000e+02  -2.0578420e-01   5.3796238e-03   3.9675105e-02
   1.5500000e+02  -2.4694105e-01   4.0883538e-02   9.3210344e-04
   1.5600000e+02  -2.5917686e-01   4.7566143e-03   2.4653116e-02
   1.5700000e+02  -2.2803115e-01   4.6739953e-02   2.4942267e-02
   1.5800000e+02  -1.8242492e-01   1.0157976e-02   2.9921960e-02
   1.5900000e+02  -1.0567297e-01   2.6596678e-02   3.2757610e-02
   1.6000000e+02  -4.0044494e-02   3.0122801e-02   4.3558301e-02
   1.6100000e+02   1.0011123e-02   1.7505264e-02   3.7709767e-02
   1.6200000e+02   5.6729700e-02   4.9827527e-03   1.6526412e-02
   1.6300000e+02   7.8976641e-02   3.1538780e-02   7.1005998e-03
   1.6400000e+02   9.4549499e-02   2.5155071e-02   2.7624687e-02
   1.6500000e+02   9.2324805e-02   3.7420740e-03   3.6816686e-02
   1.6600000e+02   9.1212458e-02   2.9309461e-02   6.8637493e-04
   1.6700000e+02   6.6740823e-02   4.8280381e-02   2.0536069e-02
   1.6800000e+02   6.0066741e-02   1.4629959e-02   1.6548875e-02
   1.6900000e+02   4.0044494e-02   2.9645075e-02   1.1691839e-02
   1.7000000e+02   4.8943270e-02   2.4705825e-02   2.8555310e-02
   1.7100000e+02   3.5595106e-02   1.2505288e-02   3.3367322e-02
   1.7200000e+02   1.0011123e-02   4.2919534e-02   3.8989453e-02
   1.7300000e+02   3.2258065e-02   1.4667824e-02   7.3132394e-03
   1.7400000e+02   3.4482759e-02   3.2564462e-02   4.7731550e-02
   1.7500000e+02   4.1156841e-02   2.5707273e-02   1.0092991e-02
   1.7600000e+02   5.0055617e-02   4.9041846e-02   1.0736615e-03
   1.7700000e+02   4.3381535e-02   4.5514084e-02   1.7221419e-02
   1.7800000e+02   4.5606229e-02   5.3075413e-03   4.1293457e-02
   1.7900000e+02   3.5595106e-02   4.1507276e-02   4.3569969e-02
   1.8000000e+02   5.3392659e-02   1.5595182e-02   3.7742946e-02
   1.8100000e+02   2.0022247e-02   2.8321492e-02   9.2461875e-03
   1.8200000e+02   5.1167964e-02   1.8834262e-03   2.5612717e-02
   1.8300000e+02   4.0044494e-02   1.8656072e-02   2.2337596e-02
   1.8400000e+02   3.1145717e-02   4.6546847e-02   3.5126252e-02
   1.8500000e+02   3.1145717e-02   2.2068130e-02   4.9014913e-02
   1.8600000e+02   3.6707453e-02   2.9795899e-03   9.4674711e-03
   1.8700000e+02   2.7808676e-02   3.7764648e-02   1.3761523e-02
   1.8800000e+02   4.2269188e-02   1.3208553e-04   4.4518716e-02
   1.8900000e+02   4.1156841e-02   1.0641984e-03   1.1286788e-02
   1.9000000e+02   2.6696329e-02   3.6439512e-02   4.7955513e-02
   1.9100000e+02   2.4471635e-02   6.0842967e-03   2.9364481e-02
   1.9200000e+02   2.6696329e-02   3.5969739e-02   2.0700771e-02
   1.9300000e+02   3.6707453e-02   3.8784530e-02   4.3826195e-02
   1.9400000e+02   4.0044494e-02   3.1407824e-02   4.0820064e-02
   1.9500000e+02   3.8932147e-02   2.7842016e-03   4.1023491e-02
   1.9600000e+02   1.8909900e-02   3.0415197e-02   6.9103054e-03
   1.9700000e+02   4.1156841e-02   2.0006386e-02   3.2874954e-02
   1.9800000e+02   3.4482759e-02   2.0713105e-02   4.7555090e-02
   1.9900000e+02   2.6696329e-02   2.5056134e-02   1.8460263e-02
   2.0000000e+02   1.1123471e-02   4.7173466e-03   1.4270277e-02
   2.0100000e+02   3.4482759e-02   1.3258507e-02   1.6228801e-02
   2.0200000e+02   1.2235818e-02   4.6321169e-02   1.1871233e-02
   2.0300000e+02   2.2246941e-02   2.4323272e-03   2.4056564e-02
   2.0400000e+02   2.4471635e-02   1.7522782e-02   4.0018165e-02
   2.0500000e+02   3.2258065e-02   1.7940308e-03   4.6806358e-02
   2.0600000e+02   1.4460512e-02   6.0051855e-04   2.9848163e-02
   2.0700000e+02   2.8921023e-02   4.1631898e-02   2.4907716e-02
   2.0800000e+02   2.6696329e-02   1.5557745e-03   5.1445047e-03
   2.0900000e+02   1.7797553e-02   1.3327091e-02   4.3663079e-02
   2.1000000e+02   7.7864294e-03   4.1049806e-02   4.8321846e-02
   2.1100000e+02   2.3359288e-02   3.7255257e-02   4.9525491e-02
   2.1200000e+02   1.5572859e-02   2.3800468e-02   4.0591701e-02
   2.1300000e+02   5.5617353e-03   3.8808020e-02   1.8014997e-03
   2.1400000e+02   1.8909900e-02   4.5264070e-02   2.0699947e-02
   2.1500000e+02   8.8987764e-03   3.5888014e-02   1.5946594e-02
   2.1600000e+02   2.1134594e-02   1.4789650e-02   5.6072449e-03
   2.1700000e+02   1.4460512e-02   1.5136039e-02   1.1188339e-03
   2.1800000e+02   4.4493882e-03   3.4577299e-02   3.4280222e-04
   2.1900000e+02   3.3370412e-03   4.3002986e-02   4.8229224e-02
   2.2000000e+02   1.5572859e-02   1.3050129e-02   8.3865418e-03
   2.2100000e+02  -4.4493882e-03   2.0141835e-02   2.4694626e-02
   2.2200000e+02   5.5617353e-03   2.9691534e-02   4.0863988e-02
   2.2300000e+02  -1.1123471e-02   3.0075032e-02   2.0502004e-03
   2.2400000e+02   5.5617353e-03   4.4835768e-02   3.2715759e-02
   2.2500000e+02   7.7864294e-03   2.9409911e-03   2.1325969e-02
   2.2600000e+02  -6.6740823e-03   3.8307808e-02   4.4384985e-02
   2.2700000e+02   1.1123471e-03   2.7449258e-02   3.1247709e-02
   2.2800000e+02   8.8987764e-03   4.4415085e-02   2.7017285e-03
   2.2900000e+02  -2.2246941e-03   4.6847449e-02   6.0596369e-03
   2.3000000e+02  -1.1123471e-02   4.4491828e-02   1.2176683e-02
   2.3100000e+02  -1.0011123e-02   3.7383615e-02   3.2354037e-02
   2.3200000e+02  -8.8987764e-03   7.7325581e-03   3.6234654e-02
   2.3300000e+02  -6.6740823e-03   9.4262381e-03   6.9650301e-03
   2.3400000e+02   0.0000000e+00   1.7267488e-03   2.8438488e-02
   2.3500000e+02   1.4741964e-02   8.3425809e-03   4.9909998e-02
   2.3600000e+02   2.0408376e-02   4.1246426e-02   3.5644428e-02
   2.3700000e+02   4.5786386e-02   3.8991912e-02   3.5891903e-02
   2.3800000e+02   1.1429057e-02   7.4672395e-03   3.5719596e-02
   2.3900000e+02   1.7165681e-02   5.6474331e-03   2.1476563e-02
   2.4000000e+02   1.2656845e-02   4.1371057e-02   2.3864685e-02
   2.4100000e+02   1.1713132e-03   2.5828382e-02   4.8149926e-02
   2.4200000e+02   2.5735133e-02   4.4346521e-03   3.0481589e-02
   2.4300000e+02   5.0545122e-03   4.9787502e-02   1.5152210e-02
   2.4400000e+02   4.3786507e-02   8.0315955e-03   2.3897832e-02
   2.4500000e+02   8.1693806e-03   3.3864112e-02   1.7290496e-02
   2.4600000e+02   7.3252186e-03   1.8733442e-02   1.0740203e-02
   2.4700000e+02   2.0060844e-02   2.7298705e-02   1.2513081e-02
   2.4800000e+02   1.9609993e-02   2.9966128e-02   3.9416530e-02
   2.4900000e+02   9.9750111e-03   4.1161341e-02   3.3628129e-02
   2.5000000e+02   1.4332285e-02   4.3374603e-02   4.4484663e-02